3,40 82,16
6,2 32,64
59,87 84,86
30,70 46,9
68,80 65,63
67,13 13,78
27,4 100,48
92,6 18,3
22,94 1,5
44,34 84,11
26,6 95,85
68,13 63,56
63,13 28,1
96,49 46,2
11,20 52,100
70,86 51,21
50,98 5,56
47,90 93,59
39,27 83,97
15,58 61,13
8,33 33,44
16,14 8,58
37,74 95,34
40,6 87,63
68,80 55,7
94,60 47,8
97,15 20,7
11,10 29,61
55,59 73,6
73,77 8,77
57,33 8,0
98,91 37,35
90,4 73,79
31,40 4,40
59,34 98,21
14,17 0,40
91,50 36,0
97,43 6,3
96,18 55,22
61,13 10,86
10,91 12,18
59,34 41,80
63,29 87,42
26,53 24,80
83,4 14,95
95,55 71,50
15,56 35,18
61,3 54,11
0,84 18,38
35,26 77,52
92,9 26,34
87,85 13,38
48,95 2,82
39,10 85,1
95,52 69,85
58,18 46,24
4,77 70,79
10,92 99,96
33,74 2,26
46,76 33,22
61,4 37,66
87,54 65,56
49,72 46,80
4,57 7,78
20,52 34,7
34,55 97,20
15,88 45,78
28,69 34,77
98,71 72,47
81,95 41,47
63,64 85,12
89,23 40,71
22,54 29,18
70,94 19,4
61,60 2,84
77,69 37,80
67,2 52,30
95,50 44,72
45,39 41,1
10,11 24,32
35,11 39,69
10,79 48,91
59,28 2,31
93,0 87,68
77,87 55,95
11,25 97,51
98,53 37,49
54,63 73,12
98,46 71,25
70,65 63,98
75,54 9,4
17,67 21,67
31,92 32,59
88,54 37,91
11,35 73,61
17,41 52,52
37,43 8,54
42,52 27,31
88,88 36,25
99,55 72,34
18,97 81,98
77,37 73,9
47,85 87,0
33,8 17,22
81,19 61,38
0,63 16,33
59,5 94,67
75,38 9,11
74,4 76,12
0,31 61,10
80,85 93,56
21,84 60,47
72,92 56,35
86,37 92,46
66,36 83,43
85,73 92,90
12,16 54,49
8,98 56,21
47,63 64,57
66,95 27,66
47,58 4,72
77,44 52,50
34,72 100,85
54,9 0,60
81,16 78,91
3,77 90,45
48,77 19,98
85,10 39,98
23,27 93,93
82,82 15,19
8,43 78,73
54,40 72,81
28,72 79,67
42,59 27,84
27,44 80,65
30,50 14,45
62,18 9,61
45,36 71,26
31,68 86,5
26,1 15,44
74,79 59,58
98,71 45,48
74,82 3,97
6,46 12,4
50,20 100,29
30,21 59,41
36,9 71,33
31,36 53,67
45,29 94,76
80,9 16,26
74,18 47,14
17,33 37,58
54,60 96,67
6,7 36,4
25,16 93,40
71,79 8,59
93,43 17,11
97,73 84,14
21,74 17,64
61,23 83,78
34,38 43,6
54,51 18,80
65,55 55,25
33,86 46,53
66,15 42,99
85,16 88,34
78,87 47,78
88,70 79,85
55,33 45,81
78,55 65,0
54,28 96,22
96,86 79,46
2,77 94,3
58,13 25,54
12,46 73,64
26,77 1,80
65,7 33,73
14,33 96,31
83,50 8,4
90,74 11,39
71,39 94,20
85,60 20,95
50,10 28,98
50,63 91,39
36,67 60,45
96,58 17,25
61,91 24,63
25,44 99,22
13,53 0,76
72,90 94,27
11,69 58,14
89,56 81,98
9,15 72,48
69,6 87,64
36,13 0,66
37,42 14,60
53,36 96,14
44,5 31,98
45,13 18,20
32,21 67,86
51,3 9,90
3,94 91,69
53,3 49,10
59,9 19,70
13,34 79,37
69,89 58,63
46,91 43,82
75,75 77,47
84,87 43,52
51,65 13,77
32,18 57,58
98,75 98,6
68,1 72,34
4,15 69,31
2,54 27,7
99,21 75,17
4,44 53,68
92,11 2,97
78,36 99,26
24,72 34,55
41,10 73,4
31,46 64,93
86,24 52,31
78,52 44,18
6,79 13,99
34,96 47,75
68,25 82,93
21,70 32,27
94,93 2,97
73,14 73,31
10,41 39,55
25,81 60,67
56,22 51,37
35,71 10,60
47,28 61,11
95,98 92,97
89,97 6,51
79,49 25,61
75,57 78,50
37,70 15,96
40,1 69,87
29,9 70,56
74,95 1,58
59,41 49,31
15,18 51,65
45,9 90,3
79,44 48,18
68,31 54,36
81,50 44,44
70,41 29,66
83,58 90,5
98,74 31,86
62,29 78,16
51,41 35,33
22,90 63,78
60,21 74,88
59,86 22,65
57,80 5,60
9,79 0,4
58,36 8,73
0,32 41,18
5,98 90,26
44,20 28,44
85,6 80,60
73,92 94,86
80,3 35,21
34,64 12,0
58,0 81,38
16,63 75,75
73,9 13,14
33,69 44,89
51,4 52,78
50,67 46,19
43,62 28,100
82,16 65,11
75,92 13,24
8,51 14,56
32,23 74,22
4,96 5,99
11,6 22,67
42,98 27,22
80,45 48,45
86,61 40,88
42,83 20,16
9,62 100,48
33,3 37,18
75,80 46,37
59,54 95,54
56,17 79,63
74,60 51,75
30,23 61,70
19,73 11,62
34,85 99,53
19,61 97,10
22,19 52,76
20,28 66,72
10,59 93,90
55,55 96,61
6,1 0,39
43,13 71,22
21,53 92,89
45,47 22,99
20,100 55,23
6,13 44,80
100,29 31,78
10,58 56,80
27,59 44,72
52,100 41,56
90,25 2,64
30,16 51,3
60,70 23,63
3,91 31,23
97,39 77,36
75,34 68,93
40,2 34,80
26,13 97,36
64,82 42,93
79,15 25,96
5,1 23,33
10,52 8,10
58,63 8,18
7,88 42,7
95,40 49,10
30,59 8,78
50,20 43,100
29,9 95,92
87,88 57,63
32,8 46,15
63,64 31,48
2,43 68,3
95,33 81,4
69,71 34,43
26,48 89,59
32,94 18,32
70,99 6,42
36,33 77,38
5,57 70,52
19,42 1,97
6,24 9,76
51,25 90,27
16,96 84,86
60,57 94,22
99,89 53,68
26,80 31,66
79,20 55,71
12,21 6,64
21,69 38,32
100,8 36,5
50,69 78,33
75,53 1,26
12,39 24,59
20,16 16,37
16,86 41,40
35,53 15,35
74,36 83,11
86,48 75,10
50,86 48,66
33,34 80,91
70,36 95,64
50,24 19,44
11,16 49,65
52,28 0,47
64,26 20,99
27,45 100,90
100,9 97,20
14,79 8,58
79,71 63,37
95,33 88,7
96,63 76,86
4,75 3,56
93,29 56,57
85,96 99,36
88,72 98,79
6,59 17,72
98,99 97,69
22,95 21,46
88,91 30,14
84,68 99,13
60,0 4,47
92,32 97,87
52,8 18,18
31,85 45,2
84,53 38,95
70,29 50,95
27,0 67,85
4,91 28,37
11,4 78,61
53,40 20,0
22,55 14,96
74,87 68,22
50,22 70,67
22,29 60,22
41,30 27,53
2,7 28,87
52,1 98,95
57,30 32,39
14,66 88,45
24,37 14,23
33,35 90,85
10,91 100,21
18,19 67,11
43,57 45,33
53,69 40,79
21,41 37,20
62,63 97,29
40,76 53,24
59,30 23,71
42,86 5,32
69,38 29,88
21,65 86,44
93,43 54,6
58,31 79,95
57,87 97,36
36,76 37,83
52,7 88,64
67,97 63,31
15,62 95,17
54,56 5,73
75,84 79,51
2,4 14,9
43,100 53,28
83,7 19,80
36,96 34,72
14,25 12,10
67,58 64,39
16,35 77,88
22,74 68,73
8,3 62,77
30,26 7,77
62,78 34,14
22,78 34,41
31,14 84,98
84,32 96,57
10,16 86,13
91,100 9,61
57,42 27,63
100,59 80,50
28,50 77,37
73,0 95,56
86,57 80,34
16,9 45,31
43,84 22,69
15,16 37,61
9,26 30,100
69,95 31,65
51,2 33,15
7,2 53,15
63,13 95,75
63,98 92,21
69,87 61,18
76,76 99,12
3,83 98,100
29,56 6,35
20,52 60,58
63,27 28,40
99,36 39,0
65,5 84,40
98,47 52,62
14,66 98,43
55,71 69,72
50,82 67,2
47,63 22,56
67,46 88,18
50,48 68,68
90,21 37,11
96,71 76,36
59,37 47,75
76,70 15,42
16,17 57,39
71,95 33,18
66,28 64,84
61,62 6,82
95,56 14,40
25,24 22,76
95,11 20,95
19,90 71,42
96,82 1,42
27,98 90,39
34,55 66,69
48,81 16,83
87,14 0,40
33,33 91,13
15,83 15,64
26,22 66,74
20,15 31,15
37,87 49,39
9,81 71,26
97,23 55,5
89,82 24,35
52,51 7,63
79,76 78,76
68,64 67,95
58,87 40,94
7,95 52,82
44,58 12,70
90,34 94,20
53,5 7,32
98,23 48,19
55,92 23,44
57,48 26,62
52,81 71,49
60,94 60,2
100,64 3,1
71,44 38,57
42,21 40,2
21,33 26,58
56,41 75,40
57,13 73,93
58,1 44,39
82,2 44,39
88,94 27,87
80,52 13,53
53,37 85,48
60,70 14,89
11,78 100,71
28,81 33,84
57,51 49,31
60,26 30,3
35,24 79,40
71,22 27,67
26,83 97,54
83,37 79,45
55,90 71,45
95,69 16,14
1,22 31,100
31,86 45,89
26,68 0,23
82,23 28,37
52,68 99,73
4,77 80,74
94,58 53,58
98,9 50,90
25,72 22,32
50,76 25,2
65,30 63,63
85,5 14,22
69,34 80,77
63,55 18,22
36,5 61,0
90,49 75,75
73,91 75,81
57,89 38,56
54,37 20,51
74,36 38,64
51,51 15,68
79,92 53,40
18,49 11,83
36,31 63,52
46,27 82,87
68,89 87,94
86,82 23,91
45,64 64,73
54,38 85,97
7,33 26,47
7,25 71,54
50,75 20,18
91,99 24,56
22,20 58,93
68,77 78,64
35,25 98,45
99,78 84,36
38,16 97,2
21,1 80,34
29,62 39,14
44,43 83,33
43,84 25,48
26,31 41,11
26,61 86,90
21,86 70,57
42,54 70,3
26,28 94,51
6,37 30,37
48,68 81,55
1,46 26,41
77,20 23,80
52,28 1,55
26,87 55,65
43,34 77,74
74,75 2,39
2,50 16,81
29,25 11,3
57,3 26,60
94,74 98,95
8,4 5,70
45,83 6,84
43,54 95,42
13,67 51,99
95,19 21,12
86,56 78,63
9,37 74,50
81,70 86,52
6,29 12,41
52,76 69,67
65,90 47,19
93,65 2,41
27,67 2,17
18,96 47,40
23,61 3,10
28,12 85,68
59,91 81,65
20,71 82,16
49,83 2,23
10,0 65,41
93,100 68,5
84,64 77,55
49,51 24,71
75,73 12,64
40,26 80,3
66,85 60,1
95,21 50,76
27,12 41,31
66,36 52,57
92,92 41,53
74,79 55,55
76,7 83,49
17,62 95,72
59,10 81,76
100,22 57,77
85,61 49,35
7,11 76,68
72,87 81,75
96,68 81,49
13,23 69,14
33,37 7,59
18,63 43,94
0,48 38,13
66,25 75,46
22,64 73,13
59,84 55,42
83,63 67,13
20,100 44,92
86,93 68,67
47,11 52,15
17,91 65,33
45,98 0,52
26,60 59,28
72,83 77,2
31,20 99,98
57,53 98,78
7,71 38,19
47,55 43,2
24,97 82,81
93,12 29,83
76,52 86,23
100,72 5,26
73,5 56,98
42,21 65,5
54,94 50,13
20,37 89,74
71,85 15,61
27,53 7,51
46,13 76,20
84,51 79,17
42,57 6,97
18,79 22,94
61,87 11,5
79,97 47,17
87,3 39,92
44,12 29,44
79,35 24,56
47,77 36,24
19,42 4,61
22,31 78,81
67,4 69,59
62,52 30,93
64,31 44,54
77,47 84,18
66,59 67,92
100,42 91,35
20,66 11,48
95,40 69,39
15,90 13,55
77,74 72,91
49,17 93,71
27,93 100,14
21,17 14,86
20,39 88,58
100,19 51,97
66,44 54,24
1,39 68,19
100,91 46,4
100,29 58,46
70,22 48,31
10,35 100,38
42,40 2,67
2,99 74,46
44,80 42,52
69,19 40,42
5,2 61,20
98,97 81,16
46,85 79,19
31,59 51,67
32,92 74,42
60,2 2,23
80,0 19,8
67,78 63,65
3,23 91,100
52,85 46,11
42,80 3,99
68,57 45,35
53,9 19,31
28,34 54,54
32,34 69,80
98,63 67,33
22,98 41,36
56,84 70,32
12,58 47,38
21,83 36,47
18,59 7,47
72,45 57,87
52,75 38,17
36,38 95,80
46,2 17,57
34,92 61,70
51,16 6,79
92,74 23,18
32,24 61,50
40,59 65,44
31,81 90,31
69,9 71,92
80,80 49,90
3,91 31,24
47,63 1,50
90,1 0,69
13,58 77,54
16,71 19,0
61,47 88,43
89,13 20,67
0,78 2,53
38,100 13,88
25,62 62,83
81,77 82,65
74,92 39,29
70,28 86,77
66,3 91,69
32,33 38,84
34,76 44,89
45,54 27,0
70,66 15,53
23,30 11,37
86,92 73,49
92,10 25,89
77,38 8,22
88,92 49,90
5,2 46,87
21,18 27,19
52,62 21,75
70,67 95,84
74,23 93,31
14,61 77,42
56,60 45,92
18,14 42,21
53,3 100,47
41,2 98,15
87,88 81,60
90,49 78,99
34,24 84,62
82,92 56,40
47,44 64,47
97,84 23,11
56,71 95,81
43,63 87,65
19,82 68,57
53,62 96,69
12,36 13,96
47,43 49,56
92,49 78,17
12,86 86,54
94,91 37,74
32,75 96,19
15,5 20,80
95,56 62,0
81,49 10,47
14,2 38,28
68,93 30,83
93,63 5,88
71,83 11,93
29,39 49,28
24,50 50,63
22,100 92,69
46,42 70,80
86,44 67,82
16,40 37,2
100,81 1,15
44,78 78,70
61,97 81,10
48,52 97,18
28,30 12,32
54,72 89,80
3,40 88,41
8,4 88,30
93,36 40,31
65,64 21,57
66,5 34,29
77,3 25,89
5,43 90,35
48,37 50,60
4,72 58,85
51,87 52,96
50,46 9,71
60,35 17,34
39,36 89,62
33,44 19,38
24,84 31,83
41,61 50,86
49,87 87,85
2,75 40,28
26,0 81,55
26,68 31,71
60,0 69,47
59,100 49,37
43,58 55,58
76,47 61,98
85,60 89,40
62,77 17,65
63,87 9,52
70,36 64,90
29,51 82,41
51,83 92,42
96,36 13,94
34,19 4,16
51,80 30,52
34,65 56,98
39,21 61,43
61,74 49,95
3,83 71,31
0,46 93,12
36,88 67,47
22,63 12,100
41,5 16,35
46,64 91,24
95,13 65,92
63,71 57,97
83,89 20,38
55,33 11,66
63,74 20,14
48,15 40,22
17,82 60,24
85,11 18,68
97,83 55,48
75,19 25,67
84,87 80,81
32,74 79,31
72,96 96,57
55,37 23,20
51,10 6,11
8,37 80,94
72,14 50,13
12,5 36,31
11,93 99,0
26,21 22,54
10,14 51,82
40,24 93,74
98,73 46,3
84,36 23,26
70,76 56,14
52,27 95,36
18,1 88,83
92,31 86,14
62,98 38,7
94,95 50,69
86,51 37,23
8,56 25,7
36,50 57,10
17,59 68,100
83,91 83,55
64,96 87,53
20,24 44,13
79,63 4,8
87,82 39,23
66,24 52,46
44,92 52,46
65,69 93,0
50,45 23,88
70,29 98,67
42,16 32,40
94,30 78,51
12,75 77,25
87,31 52,7
9,63 30,87
76,45 6,55
88,12 29,66
58,73 31,97
96,87 66,94
66,73 52,5
69,13 58,88
90,4 33,3
50,3 82,86
38,13 92,0
19,88 83,10
30,21 16,21
26,43 8,94
74,39 48,5
14,79 55,98
41,48 33,23
17,50 4,3
67,42 61,81
67,70 19,20
28,72 65,37
17,99 59,60
36,53 46,45
97,35 31,89
42,4 58,10
72,1 67,31
67,35 90,90
78,91 65,89
6,71 89,74
23,11 100,31
12,46 85,68
29,5 60,91
39,59 36,58
11,52 79,52
46,29 92,53
46,47 62,14
47,77 81,35
8,28 42,18
9,78 75,30
36,50 100,7
47,56 78,5
50,97 49,41
99,9 10,80
57,19 20,63
66,73 93,49
59,63 15,79
42,88 89,56
70,77 61,20
68,47 48,83
41,14 81,96
18,9 50,13
18,30 2,37
5,7 9,50
78,6 71,9
51,63 24,23
63,40 79,73
65,77 38,40
25,13 74,66
59,30 88,100
24,93 10,85
37,100 72,75
67,63 82,49
67,40 31,89
13,80 92,3
17,78 45,12
82,100 12,24
4,89 88,3
48,51 16,71
6,32 97,59
44,38 3,42
59,17 41,86
83,90 79,85
31,37 58,82
47,30 73,10
69,60 72,45
54,64 78,26
16,66 88,33
50,39 42,23
65,66 66,85
46,46 100,15
17,10 23,48
57,99 56,62
58,86 96,83
1,93 62,73
17,86 27,76
52,48 13,46
83,95 72,23
43,32 57,82
76,95 45,99
84,17 23,49
60,39 63,8
85,9 65,7
14,86 53,56
71,92 6,63
90,75 74,26
92,79 71,29
20,1 43,9
31,38 56,78
82,60 25,59
38,56 14,30
34,58 70,66
31,0 47,42
67,35 78,77
2,14 53,47
66,20 3,11
45,11 86,43
85,7 5,18
17,69 16,73
100,89 84,29
74,90 41,38
43,48 43,68
41,73 92,6
99,4 46,15
29,69 36,72
40,36 20,71
66,80 87,33
73,100 42,15
78,47 0,99
45,4 29,63
68,61 64,86
12,6 26,48
14,70 53,77
13,51 31,29
41,14 23,86
66,84 95,14
78,42 95,53
84,6 28,63
84,1 84,90
40,15 11,17
50,74 74,23
35,54 91,39
57,52 68,10
92,93 58,98
5,92 2,14
3,96 11,62
60,74 16,78
96,98 21,92
3,53 8,49
14,72 44,27
94,59 45,70
0,7 27,14
18,49 69,58
29,24 13,23
81,68 78,97
5,64 7,10
33,89 27,76
11,38 75,28
87,34 73,71
37,25 83,66
46,37 45,7
49,32 30,34
93,2 6,72
37,34 57,56
79,100 71,80
39,69 97,25
71,53 75,5
8,49 45,13
33,98 84,20
46,73 17,75
28,58 69,44
31,76 0,18
21,93 20,36
97,79 42,31
60,79 68,19
56,27 40,46
80,38 18,24
93,73 53,85
50,20 56,91
69,10 70,38
31,53 45,5
7,30 59,41
84,63 47,77
54,47 15,31
0,38 75,80
76,1 35,19
7,32 12,72
24,19 51,15
46,89 75,90
74,66 68,48
43,98 37,84
26,19 7,3
36,38 90,14
74,69 23,48
69,23 66,5
3,66 80,77
80,38 79,7
69,12 100,89
73,43 2,55
83,74 30,14
58,54 85,60
13,72 21,5
53,38 20,8
7,22 43,2
68,82 11,8
88,9 66,17
28,18 68,60
26,60 42,48
36,39 86,78
83,86 34,64
17,61 48,79
31,28 16,7
1,65 5,5
27,70 33,51
16,68 71,37
6,37 35,0
46,21 25,57
83,82 27,87
14,7 35,38
60,35 38,13
37,41 44,34
45,49 70,25
3,39 7,55
77,11 98,89
97,84 33,58
22,38 99,15
51,3 75,26
26,52 61,65
28,76 4,31
79,51 65,71
30,94 36,17
86,13 20,55
70,38 27,20
35,67 17,51
21,52 61,40
96,53 94,53
85,38 52,10
38,78 57,90
59,61 19,63
96,21 85,67
91,16 96,95
29,82 71,56
39,51 0,38
67,56 28,56
22,85 61,12
46,49 1,72
5,78 46,84
70,45 19,43
83,95 67,18
82,2 5,57
69,68 24,88
8,20 94,85
81,75 30,96
74,50 65,68
69,29 20,26
20,50 79,12
72,67 12,94
48,69 27,49
36,83 99,71
41,94 93,58
70,29 40,35
16,5 53,95
41,40 52,73
11,75 91,1
56,30 97,45
42,80 17,1
4,6 54,19
65,39 29,17
37,2 63,51
76,74 7,72
73,75 41,73
38,6 23,57
42,29 0,56
59,87 49,64
57,12 77,68
83,66 62,76
26,29 39,47
51,85 51,54
11,76 88,27
16,55 72,89
88,75 86,55
13,62 47,38
90,9 95,17
24,56 25,29
1,62 45,44
59,49 18,100
1,95 80,11
89,97 73,71
77,72 63,11
6,3 29,25
70,86 80,72
10,33 17,82
64,84 11,87
12,37 56,25
63,52 18,15
92,17 56,11
41,85 45,5
33,56 76,55
81,62 35,58
48,62 15,23
66,73 6,84
98,90 69,22
82,70 23,13
8,4 96,33
3,100 65,4
74,69 21,28
60,88 58,78
7,61 55,23
50,56 22,98
75,4 45,28
41,27 38,34
94,98 99,69
27,3 86,67
67,46 24,28
66,45 23,21
0,26 70,75
0,26 48,62
68,35 89,98
41,90 41,71
44,22 72,96
58,69 81,10
47,69 51,39
71,94 29,21
88,69 6,1
29,29 100,12
89,34 84,96
41,69 23,38
38,46 74,74
65,91 61,57
21,64 90,87
82,40 82,91
63,35 8,59
73,24 18,3
